3000001,3000504
3000003,3000444
3000004,3000015
3000004,3000068
3000004,3000085
3000004,3000110
3000004,3000163
3000004,3000212
3000004,3000256
3000004,3000297
3000004,3000322
3000004,3000380
3000004,3000416
3000004,3000430
3000005,3000132
3000005,3000447
3000005,3000511
3000006,3000166
3000006,3000535
3000007,3000430
3000010,3000020
3000010,3000031
3000010,3000144
3000010,3000147
3000010,3000174
3000010,3000211
3000010,3000212
3000010,3000231
3000010,3000260
3000010,3000297
3000010,3000325
3000010,3000363
3000010,3000425
3000010,3000430
3000010,3000431
3000010,3000447
3000010,3000484
3000010,3000530
3000011,3000409
3000015,3000068
3000015,3000085
3000015,3000096
3000015,3000110
3000015,3000143
3000015,3000147
3000015,3000201
3000015,3000212
3000015,3000263
3000015,3000276
3000015,3000297
3000015,3000380
3000015,3000430
3000015,3000431
3000015,3000445
3000015,3000447
3000015,3000494
3000015,3000502
3000015,3000525
3000016,3000354
3000016,3000476
3000016,3000480
3000018,3000259
3000018,3000504
3000018,3000522
3000020,3000276
3000024,3000511
3000028,3000080
3000028,3000335
3000028,3000430
3000028,3000451
3000030,3000486
3000031,3000143
3000031,3000212
3000031,3000259
3000031,3000503
3000032,3000447
3000033,3000037
3000033,3000068
3000033,3000143
3000033,3000156
3000033,3000163
3000033,3000201
3000033,3000210
3000033,3000226
3000033,3000256
3000033,3000360
3000033,3000395
3000033,3000419
3000033,3000425
3000033,3000431
3000033,3000445
3000033,3000484
3000033,3000491
3000035,3000082
3000035,3000111
3000035,3000165
3000035,3000206
3000035,3000450
3000035,3000520
3000037,3000053
3000037,3000089
3000037,3000097
3000037,3000144
3000037,3000201
3000037,3000271
3000037,3000341
3000037,3000360
3000037,3000425
3000037,3000445
3000037,3000484
3000037,3000539
3000038,3000143
3000038,3000211
3000038,3000327
3000038,3000358
3000043,3000530
3000045,3000361
3000045,3000480
3000046,3000197
3000046,3000279
3000046,3000431
3000046,3000497
3000049,3000247
3000049,3000297
3000049,3000431
3000051,3000451
3000052,3000214
3000057,3000372
3000058,3000327
3000061,3000085
3000061,3000201
3000061,3000212
3000061,3000395
3000061,3000412
3000061,3000525
3000061,3000541
3000064,3000266
3000064,3000273
3000064,3000317
3000064,3000350
3000064,3000540
3000065,3000212
3000065,3000259
3000065,3000322
3000065,3000416
3000065,3000539
3000066,3000354
3000068,3000089
3000068,3000097
3000068,3000100
3000068,3000144
3000068,3000201
3000068,3000232
3000068,3000271
3000068,3000322
3000068,3000341
3000068,3000354
3000068,3000360
3000068,3000394
3000068,3000396
3000068,3000425
3000068,3000431
3000068,3000445
3000068,3000484
3000068,3000491
3000069,3000101
3000069,3000541
3000071,3000239
3000072,3000416
3000072,3000486
3000073,3000507
3000074,3000191
3000074,3000308
3000074,3000428
3000076,3000298
3000076,3000463
3000080,3000089
3000080,3000335
3000080,3000396
3000080,3000451
3000082,3000126
3000082,3000206
3000082,3000447
3000082,3000450
3000082,3000511
3000085,3000159
3000085,3000231
3000085,3000325
3000085,3000473
3000086,3000394
3000086,3000443
3000088,3000406
3000089,3000122
3000089,3000144
3000089,3000201
3000089,3000271
3000089,3000341
3000089,3000354
3000089,3000358
3000089,3000377
3000089,3000394
3000089,3000395
3000089,3000396
3000089,3000419
3000089,3000484
3000089,3000491
3000089,3000541
3000090,3000488
3000090,3000540
3000091,3000447
3000092,3000147
3000092,3000447
3000092,3000480
3000094,3000161
3000094,3000372
3000096,3000147
3000096,3000212
3000096,3000241
3000096,3000276
3000096,3000430
3000096,3000502
3000097,3000100
3000097,3000144
3000097,3000201
3000097,3000354
3000097,3000358
3000097,3000396
3000097,3000484
3000097,3000541
3000100,3000122
3000100,3000144
3000100,3000201
3000100,3000210
3000100,3000354
3000100,3000358
3000100,3000377
3000100,3000394
3000100,3000419
3000100,3000449
3000100,3000491
3000101,3000210
3000101,3000275
3000101,3000419
3000110,3000122
3000110,3000201
3000110,3000210
3000110,3000212
3000110,3000297
3000110,3000322
3000110,3000416
3000110,3000419
3000110,3000425
3000110,3000430
3000110,3000445
3000110,3000539
3000112,3000460
3000116,3000416
3000117,3000353
3000117,3000511
3000118,3000174
3000118,3000197
3000118,3000360
3000118,3000517
3000120,3000372
3000121,3000521
3000122,3000144
3000122,3000163
3000122,3000215
3000122,3000232
3000122,3000322
3000122,3000394
3000122,3000402
3000122,3000425
3000122,3000430
3000122,3000431
3000122,3000443
3000122,3000445
3000122,3000484
3000122,3000491
3000122,3000525
3000123,3000275
3000123,3000342
3000124,3000144
3000125,3000511
3000132,3000214
3000132,3000337
3000132,3000511
3000134,3000172
3000135,3000359
3000135,3000534
3000138,3000160
3000138,3000294
3000138,3000358
3000138,3000419
3000142,3000353
3000142,3000506
3000142,3000511
3000143,3000156
3000143,3000163
3000143,3000201
3000143,3000247
3000143,3000256
3000143,3000294
3000143,3000297
3000143,3000491
3000143,3000525
3000144,3000153
3000144,3000201
3000144,3000207
3000144,3000210
3000144,3000217
3000144,3000232
3000144,3000275
3000144,3000322
3000144,3000341
3000144,3000354
3000144,3000358
3000144,3000360
3000144,3000394
3000144,3000396
3000144,3000419
3000144,3000425
3000144,3000430
3000144,3000431
3000144,3000443
3000144,3000445
3000144,3000484
3000144,3000491
3000144,3000502
3000144,3000525
3000144,3000541
3000147,3000155
3000147,3000159
3000147,3000205
3000147,3000206
3000147,3000231
3000147,3000276
3000147,3000327
3000147,3000385
3000147,3000428
3000147,3000430
3000147,3000447
3000148,3000232
3000149,3000275
3000149,3000280
3000149,3000442
3000149,3000511
3000150,3000181
3000150,3000320
3000153,3000217
3000153,3000232
3000153,3000354
3000153,3000358
3000153,3000360
3000153,3000419
3000155,3000430
3000156,3000210
3000156,3000271
3000156,3000431
3000159,3000180
3000159,3000212
3000159,3000231
3000159,3000325
3000159,3000430
3000159,3000484
3000160,3000359
3000160,3000438
3000162,3000173
3000162,3000274
3000162,3000373
3000163,3000210
3000163,3000215
3000163,3000226
3000163,3000232
3000163,3000275
3000163,3000358
3000163,3000360
3000163,3000385
3000163,3000431
3000163,3000525
3000166,3000173
3000166,3000211
3000166,3000373
3000166,3000388
3000166,3000485
3000166,3000498
3000166,3000511
3000166,3000535
3000167,3000283
3000168,3000322
3000171,3000235
3000171,3000316
3000171,3000357
3000171,3000460
3000173,3000373
3000173,3000480
3000173,3000498
3000173,3000535
3000175,3000215
3000175,3000358
3000181,3000206
3000181,3000382
3000181,3000450
3000181,3000516
3000186,3000244
3000193,3000373
3000193,3000480
3000197,3000203
3000197,3000222
3000197,3000237
3000197,3000244
3000197,3000288
3000197,3000342
3000197,3000357
3000197,3000387
3000201,3000210
3000201,3000212
3000201,3000256
3000201,3000275
3000201,3000297
3000201,3000322
3000201,3000335
3000201,3000341
3000201,3000354
3000201,3000358
3000201,3000360
3000201,3000394
3000201,3000395
3000201,3000396
3000201,3000419
3000201,3000425
3000201,3000430
3000201,3000431
3000201,3000445
3000201,3000484
3000201,3000491
3000201,3000502
3000201,3000541
3000202,3000511
3000203,3000222
3000203,3000233
3000203,3000290
3000203,3000361
3000203,3000444
3000203,3000447
3000203,3000509
3000205,3000212
3000205,3000230
3000206,3000429
3000210,3000232
3000210,3000256
3000210,3000322
3000210,3000394
3000210,3000396
3000210,3000425
3000210,3000431
3000210,3000445
3000210,3000484
3000210,3000491
3000211,3000260
3000211,3000280
3000211,3000375
3000211,3000511
3000212,3000256
3000212,3000263
3000212,3000276
3000212,3000297
3000212,3000322
3000212,3000380
3000212,3000395
3000212,3000425
3000212,3000430
3000212,3000451
3000212,3000539
3000214,3000228
3000214,3000404
3000216,3000489
3000217,3000358
3000217,3000419
3000218,3000511
3000221,3000386
3000222,3000387
3000225,3000358
3000225,3000395
3000226,3000271
3000226,3000279
3000226,3000360
3000226,3000443
3000228,3000511
3000229,3000381
3000229,3000504
3000231,3000325
3000231,3000385
3000231,3000430
3000232,3000235
3000232,3000271
3000232,3000340
3000232,3000354
3000232,3000358
3000232,3000360
3000232,3000419
3000232,3000425
3000232,3000445
3000232,3000476
3000232,3000484
3000233,3000511
3000234,3000256
3000237,3000463
3000237,3000472
3000237,3000517
3000239,3000277
3000239,3000452
3000240,3000381
3000240,3000504
3000244,3000287
3000244,3000420
3000244,3000534
3000247,3000375
3000247,3000430
3000247,3000485
3000252,3000535
3000254,3000373
3000254,3000388
3000256,3000276
3000256,3000297
3000256,3000322
3000256,3000430
3000256,3000502
3000259,3000263
3000259,3000276
3000259,3000373
3000259,3000416
3000259,3000539
3000260,3000325
3000260,3000511
3000263,3000416
3000264,3000386
3000266,3000273
3000266,3000488
3000266,3000540
3000271,3000322
3000271,3000354
3000271,3000358
3000271,3000395
3000271,3000419
3000271,3000431
3000271,3000491
3000271,3000541
3000273,3000309
3000273,3000517
3000275,3000339
3000275,3000341
3000275,3000354
3000275,3000357
3000275,3000396
3000275,3000484
3000275,3000491
3000275,3000508
3000275,3000525
3000276,3000380
3000276,3000430
3000276,3000451
3000276,3000456
3000276,3000473
3000277,3000279
3000277,3000452
3000280,3000287
3000280,3000518
3000285,3000488
3000287,3000488
3000287,3000511
3000289,3000489
3000290,3000494
3000294,3000430
3000294,3000484
3000296,3000342
3000296,3000505
3000297,3000430
3000297,3000502
3000307,3000400
3000308,3000427
3000310,3000472
3000311,3000358
3000311,3000484
3000315,3000406
3000316,3000404
3000322,3000358
3000322,3000395
3000322,3000416
3000322,3000430
3000322,3000484
3000322,3000491
3000322,3000541
3000325,3000395
3000325,3000430
3000325,3000507
3000325,3000511
3000335,3000396
3000337,3000412
3000337,3000447
3000337,3000468
3000339,3000432
3000339,3000497
3000341,3000354
3000341,3000358
3000341,3000395
3000341,3000419
3000341,3000484
3000341,3000491
3000342,3000489
3000353,3000471
3000354,3000358
3000354,3000396
3000354,3000419
3000354,3000484
3000354,3000491
3000357,3000483
3000358,3000360
3000358,3000396
3000358,3000419
3000358,3000425
3000358,3000430
3000358,3000445
3000358,3000476
3000358,3000484
3000358,3000491
3000358,3000497
3000359,3000371
3000359,3000429
3000360,3000395
3000360,3000419
3000361,3000387
3000361,3000494
3000367,3000511
3000373,3000375
3000373,3000447
3000373,3000498
3000373,3000535
3000375,3000447
3000375,3000468
3000375,3000485
3000377,3000394
3000380,3000430
3000380,3000456
3000381,3000504
3000381,3000522
3000385,3000423
3000385,3000430
3000385,3000451
3000386,3000482
3000390,3000489
3000394,3000419
3000394,3000445
3000394,3000484
3000394,3000541
3000395,3000425
3000395,3000431
3000395,3000443
3000395,3000445
3000395,3000484
3000396,3000419
3000396,3000484
3000402,3000541
3000403,3000409
3000403,3000438
3000407,3000420
3000407,3000480
3000412,3000511
3000416,3000425
3000416,3000431
3000416,3000539
3000419,3000425
3000419,3000430
3000419,3000443
3000419,3000484
3000419,3000491
3000419,3000502
3000425,3000430
3000425,3000491
3000425,3000539
3000430,3000431
3000431,3000445
3000431,3000491
3000431,3000541
3000442,3000447
3000445,3000484
3000445,3000491
3000445,3000541
3000447,3000459
3000447,3000511
3000447,3000530
3000457,3000494
3000459,3000468
3000460,3000468
3000460,3000530
3000461,3000511
3000468,3000511
3000468,3000517
3000475,3000511
3000484,3000491
3000484,3000541
3000491,3000525
3000498,3000535
3000502,3000539
3000504,3000522
3000508,3000509
3000511,3000514
3000529,3000530
3000534,3000535
